Title:
Authors:
Table:
================================================================================
Byte-by-byte Description of file: table.dat
--------------------------------------------------------------------------------
 Bytes Format Units  Label     Explanations
--------------------------------------------------------------------------------
  1-  7  A7     ---    channel    Description of channel              
  9- 10  I2     ---    slice      [1/36] Description of slice         
 12- 21  E10.5  m      wavelength [0.0/0.01] Description of wavelength
 23- 34  F12.9  m      center_x   [-0.02/0.02] Description of center_x
 36- 47  F12.9  m      center_y   [-0.02/0.02] Description of center_y
 49- 60  F12.9  m      top_x      [-0.02/0.02] Description of top_x   
 62- 73  F12.9  m      top_y      [-0.02/0.02] Description of top_y   
 75- 86  F12.9  m      bottom_x   [-0.02/0.02] Description of bottom_x
 88- 99  F12.9  m      bottom_y   [-0.02/0.02] Description of bottom_y
101-112  F12.9  m      left_x     [-0.02/0.02] Description of left_x  
114-125  F12.9  m      left_y     [-0.02/0.02] Description of left_y  
127-138  F12.9  m      right_x    [-0.02/0.02] Description of right_x 
140-151  F12.9  m      right_y    [-0.02/0.02] Description of right_y 
--------------------------------------------------------------------------------
Notes:
--------------------------------------------------------------------------------
visible 1   4.000e-07 -0.014211863  0.012030744 -0.014211863  0.012045248 -0.014211863  0.012016241 -0.014737788  0.012032967 -0.013693531  0.012031830
visible 2   4.000e-07 -0.011737735  0.011957705 -0.011737735  0.011972210 -0.011737735  0.011943201 -0.012263392  0.011959622 -0.011219078  0.011958212
visible 3   4.000e-07 -0.009271927  0.011901070 -0.009271927  0.011915575 -0.009271927  0.011886565 -0.009797317  0.011902685 -0.008752954  0.011900998
visible 4   4.000e-07 -0.006797783  0.011852639 -0.006797783  0.011867145 -0.006797783  0.011838134 -0.007322905  0.011853954 -0.006278496  0.011851988
visible 5   4.000e-07 -0.004323618  0.011837021 -0.004323618  0.011851527 -0.004323618  0.011822515 -0.004848471  0.011838042 -0.003804031  0.011835789
visible 6   4.000e-07 -0.001849453  0.011821402 -0.001849453  0.011835909 -0.001849453  0.011806895 -0.002374038  0.011822130 -0.001329567  0.011819590
visible 7   4.000e-07  0.000624718  0.011813986  0.000624718  0.011828493  0.000624718  0.011799479  0.000100402  0.011814423  0.001144900  0.011811595
visible 8   4.000e-07  0.003098893  0.011814773  0.003098893  0.011829281  0.003098893  0.011800266  0.002574846  0.011814920  0.003619368  0.011811802
visible 9   4.000e-07  0.005573080  0.011831966  0.005573080  0.011846474  0.005573080  0.011817459  0.005049301  0.011831827  0.006093839  0.011828415
visible 10  4.000e-07  0.008047277  0.011865565  0.008047277  0.011880073  0.008047277  0.011851058  0.007523767  0.011865144  0.008568314  0.011861433
visible 11  4.000e-07  0.010513149  0.011907364  0.010513149  0.011921872  0.010513149  0.011892856  0.009989907  0.011906663  0.011034459  0.011902654
visible 12  4.000e-07  0.012987357  0.011957369  0.012987357  0.011971876  0.012987357  0.011942861  0.012464384  0.011956389  0.013508937  0.011952079
visible 13  4.000e-07  0.014223830  0.004607964  0.014223830  0.004622518  0.014223830  0.004593410  0.013700938  0.004605204  0.014748802  0.004602391
visible 14  4.000e-07  0.011749622  0.004557959  0.011749622  0.004572513  0.011749622  0.004543406  0.011226462  0.004555478  0.012274324  0.004552967
visible 15  4.000e-07  0.009275414  0.004507955  0.009275414  0.004522508  0.009275414  0.004493401  0.008751985  0.004505753  0.009799846  0.004503542
visible 16  4.000e-07  0.006801217  0.004474356  0.006801217  0.004488910  0.006801217  0.004459803  0.006277519  0.004472436  0.007325371  0.004470524
visible 17  4.000e-07  0.004327020  0.004440757  0.004327020  0.004455311  0.004327020  0.004426204  0.003803053  0.004439120  0.004850896  0.004437505
visible 18  4.000e-07  0.001852839  0.004431767  0.001852839  0.004446320  0.001852839  0.004417214  0.001328603  0.004430418  0.002376426  0.004429095
visible 19  4.000e-07 -0.000621337  0.004430980 -0.000621337  0.004445533 -0.000621337  0.004416427 -0.001145842  0.004429920 -0.000098042  0.004428888
visible 20  4.000e-07 -0.003095513  0.004430193 -0.003095513  0.004444745 -0.003095513  0.004415640 -0.003620286  0.004429423 -0.002572510  0.004428681
visible 21  4.000e-07 -0.005569672  0.004454014 -0.005569672  0.004468566 -0.005569672  0.004439463 -0.006094715  0.004453539 -0.005046973  0.004453082
visible 22  4.000e-07 -0.008035507  0.004469636 -0.008035507  0.004484187 -0.008035507  0.004455084 -0.008560817  0.004469453 -0.007513106  0.004469281
visible 23  4.000e-07 -0.010509651  0.004518066 -0.010509651  0.004532617 -0.010509651  0.004503515 -0.011035229  0.004518184 -0.009987564  0.004518292
visible 24  4.000e-07 -0.012983795  0.004566496 -0.012983795  0.004581047 -0.012983795  0.004551946 -0.013509641  0.004566915 -0.012462021  0.004567302
visible 25  4.000e-07 -0.014229934 -0.002947756 -0.014229934 -0.002933159 -0.014229934 -0.002962353 -0.014755971 -0.002948863 -0.013704990 -0.002946651
visible 26  4.000e-07 -0.011755791 -0.002996187 -0.011755791 -0.002981589 -0.011755791 -0.003010784 -0.012281559 -0.002997594 -0.011230533 -0.002995662
visible 27  4.000e-07 -0.009281636 -0.003028211 -0.009281636 -0.003013613 -0.009281636 -0.003042809 -0.009807136 -0.003029916 -0.008756071 -0.003028266
visible 28  4.000e-07 -0.006807476 -0.003052033 -0.006807476 -0.003037434 -0.006807476 -0.003066631 -0.007332707 -0.003054032 -0.006281609 -0.003052668
visible 29  4.000e-07 -0.004333316 -0.003075854 -0.004333316 -0.003061255 -0.004333316 -0.003090453 -0.004858279 -0.003078149 -0.003807146 -0.003077069
visible 30  4.000e-07 -0.001859146 -0.003083270 -0.001859146 -0.003068670 -0.001859146 -0.003097869 -0.002383840 -0.003085856 -0.001332679 -0.003085065
visible 31  4.000e-07  0.000615030 -0.003082483  0.000615030 -0.003067883  0.000615030 -0.003097083  0.000090604 -0.003085359  0.001141789 -0.003084858
visible 32  4.000e-07  0.003089206 -0.003081696  0.003089206 -0.003067095  0.003089206 -0.003096296  0.002565049 -0.003084861  0.003616257 -0.003084651
visible 33  4.000e-07  0.005563392 -0.003064503  0.005563392 -0.003049902  0.005563392 -0.003079103  0.005039504 -0.003067955  0.006090728 -0.003068038
visible 34  4.000e-07  0.008037589 -0.003030904  0.008037589 -0.003016303  0.008037589 -0.003045504  0.007513970 -0.003034638  0.008565203 -0.003035019
visible 35  4.000e-07  0.010511786 -0.002997305  0.010511786 -0.002982705  0.010511786 -0.003011906  0.009988436 -0.003001322  0.011039678 -0.003002000
visible 36  4.000e-07  0.012985994 -0.002947301  0.012985994 -0.002932700  0.012985994 -0.002961901  0.012462913 -0.002951596  0.013514156 -0.002952576
visible 1   5.000e-07 -0.014221676  0.008718530 -0.014221676  0.008733043 -0.014221676  0.008704017 -0.014748833  0.008723217 -0.013703898  0.008711157
visible 2   5.000e-07 -0.011745716  0.008645133 -0.011745716  0.008659643 -0.011745716  0.008630624 -0.012272307  0.008648917 -0.011227633  0.008638378
visible 3   5.000e-07 -0.009278086  0.008588159 -0.009278086  0.008602665 -0.009278086  0.008573653 -0.009804108  0.008591038 -0.008759701  0.008582015
visible 4   5.000e-07 -0.006802116  0.008539398 -0.006802116  0.008553900 -0.006802116  0.008524896 -0.007327565  0.008541369 -0.006283430  0.008533866
visible 5   5.000e-07 -0.004326131  0.008523486 -0.004326131  0.008537984 -0.004326131  0.008508988 -0.004851001  0.008524541 -0.003807152  0.008518558
visible 6   5.000e-07 -0.001850147  0.008507573 -0.001850147  0.008522067 -0.001850147  0.008493079 -0.002374437  0.008507713 -0.001330875  0.008503251
visible 7   5.000e-07  0.000625841  0.008499873  0.000625841  0.008514363  0.000625841  0.008485383  0.000102133  0.008499095  0.001145405  0.008496153
visible 8   5.000e-07  0.003101833  0.008500384  0.003101833  0.008514870  0.003101833  0.008485899  0.002578708  0.008498687  0.003621686  0.008497265
visible 9   5.000e-07  0.005577832  0.008517320  0.005577832  0.008531802  0.005577832  0.008502839  0.005055294  0.008514699  0.006097971  0.008514798
visible 10  5.000e-07  0.008053837  0.008550680  0.008053837  0.008565158  0.008053837  0.008536203  0.007531891  0.008547132  0.008574259  0.008548751
visible 11  5.000e-07  0.010521510  0.008592251  0.010521510  0.008606724  0.010521510  0.008577778  0.010000155  0.008587777  0.011042211  0.008590911
visible 12  5.000e-07  0.012997523  0.008642035  0.012997523  0.008656503  0.012997523  0.008627566  0.012476762  0.008636631  0.013518502  0.008641285
visible 13  5.000e-07  0.014236516  0.001284275  0.014236516  0.001298788  0.014236516  0.001269762  0.013714357  0.001280050  0.014759276  0.001285498
visible 14  5.000e-07  0.011760503  0.001234491  0.011760503  0.001249008  0.011760503  0.001219974  0.011237750  0.001231196  0.012282984  0.001235124
visible 15  5.000e-07  0.009284491  0.001184707  0.009284491  0.001199228  0.009284491  0.001170185  0.008761142  0.001182343  0.009806693  0.001184750
visible 16  5.000e-07  0.006808485  0.001151347  0.006808485  0.001165872  0.006808485  0.001136821  0.006284545  0.001149909  0.007330405  0.001150797
visible 17  5.000e-07  0.004332479  0.001117987  0.004332479  0.001132517  0.004332479  0.001103457  0.003807948  0.001117476  0.004854117  0.001116844
visible 18  5.000e-07  0.001856484  0.001109263  0.001856484  0.001123797  0.001856484  0.001094729  0.001331368  0.001109674  0.002377834  0.001107521
visible 19  5.000e-07 -0.000619507  0.001108751 -0.000619507  0.001123290 -0.000619507  0.001094213 -0.001145208  0.001110082 -0.000098448  0.001106408
visible 20  5.000e-07 -0.003095499  0.001108240 -0.003095499  0.001122782 -0.003095499  0.001093697 -0.003621783  0.001110489 -0.002574729  0.001105296
visible 21  5.000e-07 -0.005571480  0.001132364 -0.005571480  0.001146910 -0.005571480  0.001117818 -0.006098342  0.001135528 -0.005051005  0.001128814
visible 22  5.000e-07 -0.008039128  0.001148278 -0.008039128  0.001162829 -0.008039128  0.001133728 -0.008566567  0.001152355 -0.007518945  0.001144126
visible 23  5.000e-07 -0.010515098  0.001197039 -0.010515098  0.001211593 -0.010515098  0.001182485 -0.011043110  0.001202024 -0.009995216  0.001192275
visible 24  5.000e-07 -0.012991068  0.001245800 -0.012991068  0.001260358 -0.012991068  0.001231242 -0.013519652  0.001251694 -0.012471487  0.001240423
visible 25  5.000e-07 -0.014236474 -0.006276715 -0.014236474 -0.006262108 -0.014236474 -0.006291322 -0.014767080 -0.006268683 -0.013715367 -0.006280684
visible 26  5.000e-07 -0.011760504 -0.006325476 -0.011760504 -0.006310872 -0.011760504 -0.006340079 -0.012290537 -0.006318352 -0.011239096 -0.006328833
visible 27  5.000e-07 -0.009284526 -0.006357812 -0.009284526 -0.006343213 -0.009284526 -0.006372412 -0.009813984 -0.006351601 -0.008762821 -0.006360561
visible 28  5.000e-07 -0.006808545 -0.006381937 -0.006808545 -0.006367341 -0.006808545 -0.006396532 -0.007337425 -0.006376640 -0.006286545 -0.006384080
visible 29  5.000e-07 -0.004332564 -0.006406061 -0.004332564 -0.006391470 -0.004332564 -0.006420653 -0.004860866 -0.006401678 -0.003810269 -0.006407598
visible 30  5.000e-07 -0.001856576 -0.006413762 -0.001856576 -0.006399174 -0.001856576 -0.006428349 -0.002384296 -0.006410296 -0.001333990 -0.006414695
visible 31  5.000e-07  0.000619415 -0.006413250  0.000619415 -0.006398667  0.000619415 -0.006427834  0.000092279 -0.006410704  0.001142291 -0.006413583
visible 32  5.000e-07  0.003095407 -0.006412738  0.003095407 -0.006398159  0.003095407 -0.006427318  0.002568854 -0.006411112  0.003618573 -0.006412470
visible 33  5.000e-07  0.005571405 -0.006395803  0.005571405 -0.006381227  0.005571405 -0.006410378  0.005045440 -0.006395099  0.006094857 -0.006394938
visible 34  5.000e-07  0.008047411 -0.006362443  0.008047411 -0.006347872  0.008047411 -0.006377014  0.007522037 -0.006362666  0.008571145 -0.006360984
visible 35  5.000e-07  0.010523417 -0.006329083  0.010523417 -0.006314516  0.010523417 -0.006343649  0.009998634 -0.006330233  0.011047433 -0.006327031
visible 36  5.000e-07  0.012999430 -0.006279299  0.012999430 -0.006264736  0.012999430 -0.006293861  0.012475241 -0.006281379  0.013523725 -0.006276657
visible 1   8.500e-07 -0.014234361  0.004629806 -0.014234361  0.004644295 -0.014234361  0.004615316 -0.014758296  0.004640173 -0.013715038  0.004624044
visible 2   8.500e-07 -0.011755710  0.004556632 -0.011755710  0.004571122 -0.011755710  0.004542142 -0.012279346  0.004565187 -0.011236070  0.004552353
visible 3   8.500e-07 -0.009285394  0.004499891 -0.009285394  0.004514381 -0.009285394  0.004485401 -0.009808731  0.004506638 -0.008765437  0.004497093
visible 4   8.500e-07 -0.006806726  0.004451370 -0.006806726  0.004465860 -0.006806726  0.004436879 -0.007329764  0.004456304 -0.006286452  0.004450060
visible 5   8.500e-07 -0.004328037  0.004435719 -0.004328037  0.004450210 -0.004328037  0.004421228 -0.004850776  0.004438840 -0.003807446  0.004435905
visible 6   8.500e-07 -0.001849348  0.004420068 -0.001849348  0.004434559 -0.001849348  0.004405577 -0.002371788  0.004421376 -0.001328440  0.004421750
visible 7   8.500e-07  0.000629346  0.004412635  0.000629346  0.004427126  0.000629346  0.004398144  0.000107205  0.004412130  0.001150572  0.004415814
visible 8   8.500e-07  0.003108045  0.004413420  0.003108045  0.004427911  0.003108045  0.004398928  0.002586204  0.004411101  0.003629589  0.004418098
visible 9   8.500e-07  0.005586756  0.004430639  0.005586756  0.004445131  0.005586756  0.004416147  0.005065214  0.004426507  0.006108617  0.004436820
visible 10  8.500e-07  0.008065477  0.004464294  0.008065477  0.004478786  0.008065477  0.004449802  0.007544234  0.004458349  0.008587656  0.004471982
visible 11  8.500e-07  0.010535858  0.004506163  0.010535858  0.004520656  0.010535858  0.004491671  0.010014913  0.004498412  0.011058353  0.004515355
visible 12  8.500e-07  0.013014590  0.004556253  0.013014590  0.004570746  0.013014590  0.004541761  0.012493944  0.004546688  0.013537403  0.004566955
visible 13  8.500e-07  0.014253295 -0.002806298  0.014253295 -0.002791805  0.014253295 -0.002820790  0.013732801 -0.002816771  0.014776240 -0.002796501
visible 14  8.500e-07  0.011774563 -0.002856387  0.011774563 -0.002841895  0.011774563 -0.002870879  0.011253770 -0.002865048  0.012297191 -0.002848101
visible 15  8.500e-07  0.009295831 -0.002906477  0.009295831 -0.002891985  0.009295831 -0.002920969  0.008774739 -0.002913324  0.009818141 -0.002899701
visible 16  8.500e-07  0.006817110 -0.002940132  0.006817110 -0.002925640  0.006817110 -0.002954623  0.006295718 -0.002945166  0.007339102 -0.002934863
visible 17  8.500e-07  0.004338389 -0.002973787  0.004338389 -0.002959295  0.004338389 -0.002988278  0.003816698 -0.002977007  0.004860064 -0.002970024
visible 18  8.500e-07  0.001859684 -0.002982789  0.001859684 -0.002968298  0.001859684 -0.002997279  0.001337694 -0.002984196  0.002381041 -0.002980527
visible 19  8.500e-07 -0.000619016 -0.002983573 -0.000619016 -0.002969082 -0.000619016 -0.002998064 -0.001141305 -0.002983167 -0.000097976 -0.002982811
visible 20  8.500e-07 -0.003097715 -0.002984357 -0.003097715 -0.002969867 -0.003097715 -0.002998848 -0.003620304 -0.002982139 -0.002576993 -0.002985095
visible 21  8.500e-07 -0.005576399 -0.002960489 -0.005576399 -0.002945999 -0.005576399 -0.002974979 -0.006099287 -0.002956457 -0.005055994 -0.002962720
visible 22  8.500e-07 -0.008046742 -0.002944836 -0.008046742 -0.002930346 -0.008046742 -0.002959326 -0.008569928 -0.002938997 -0.007526653 -0.002948557
visible 23  8.500e-07 -0.010525409 -0.002896315 -0.010525409 -0.002881825 -0.010525409 -0.002910804 -0.011048895 -0.002888662 -0.010005638 -0.002901525
visible 24  8.500e-07 -0.013004077 -0.002847794 -0.013004077 -0.002833304 -0.013004077 -0.002862283 -0.013527861 -0.002838328 -0.012484623 -0.002854492
visible 25  8.500e-07 -0.014252525 -0.010375483 -0.014252525 -0.010360994 -0.014252525 -0.010389972 -0.014776457 -0.010365107 -0.013733257 -0.010384628
visible 26  8.500e-07 -0.011773857 -0.010424004 -0.011773857 -0.010409515 -0.011773857 -0.010438493 -0.012297491 -0.010415441 -0.011254273 -0.010431660
visible 27  8.500e-07 -0.009295179 -0.010456090 -0.009295179 -0.010441600 -0.009295179 -0.010470579 -0.009818513 -0.010449340 -0.008775277 -0.010462254
visible 28  8.500e-07 -0.006816496 -0.010479958 -0.006816496 -0.010465468 -0.006816496 -0.010494448 -0.007339531 -0.010475021 -0.006296276 -0.010484629
visible 29  8.500e-07 -0.004337812 -0.010503826 -0.004337812 -0.010489336 -0.004337812 -0.010518316 -0.004860548 -0.010500703 -0.003817275 -0.010507003
visible 30  8.500e-07 -0.001859118 -0.010511260 -0.001859118 -0.010496769 -0.001859118 -0.010525750 -0.002381554 -0.010509949 -0.001338264 -0.010512939
visible 31  8.500e-07  0.000619582 -0.010510475  0.000619582 -0.010495985  0.000619582 -0.010524966  0.000097444 -0.010510978  0.001140754 -0.010510655
visible 32  8.500e-07  0.003098282 -0.010509691  0.003098282 -0.010495200  0.003098282 -0.010524181  0.002576443 -0.010512007  0.003619771 -0.010508372
visible 33  8.500e-07  0.005576992 -0.010492471  0.005576992 -0.010477980  0.005576992 -0.010506962  0.005055453 -0.010496600  0.006098799 -0.010489649
visible 34  8.500e-07  0.008055713 -0.010458816  0.008055713 -0.010444325  0.008055713 -0.010473308  0.007534473 -0.010464759  0.008577837 -0.010454488
visible 35  8.500e-07  0.010534434 -0.010425162  0.010534434 -0.010410670  0.010534434 -0.010439653  0.010013494 -0.010432917  0.011056876 -0.010419326
visible 36  8.500e-07  0.013013166 -0.010375072  0.013013166 -0.010360580  0.013013166 -0.010389564  0.012492525 -0.010384641  0.013535926 -0.010367726
nearir  1   8.500e-07 -0.017063194  0.013684416 -0.017063194  0.013702992 -0.017063194  0.013665840 -0.017777655  0.013693949 -0.016440199  0.013683582
nearir  2   8.500e-07 -0.014093469  0.013593672 -0.014093469  0.013612205 -0.014093469  0.013575139 -0.014804227  0.013602282 -0.013469833  0.013593727
nearir  3   8.500e-07 -0.011133736  0.013523208 -0.011133736  0.013541705 -0.011133736  0.013504711 -0.011841264  0.013530905 -0.010509461  0.013524157
nearir  4   8.500e-07 -0.008164001  0.013462886 -0.008164001  0.013481351 -0.008164001  0.013444422 -0.008868528  0.013469671 -0.007539085  0.013464737
nearir  5   8.500e-07 -0.005194252  0.013443129 -0.005194252  0.013461574 -0.005194252  0.013424684 -0.005896715  0.013449016 -0.004568694  0.013445895
nearir  6   8.500e-07 -0.002224502  0.013423371 -0.002224502  0.013441796 -0.002224502  0.013404946 -0.002924901  0.013428361 -0.001598304  0.013427053
nearir  7   8.500e-07  0.000745250  0.013413755  0.000745250  0.013432163  0.000745250  0.013395346  0.000046682  0.013417850  0.001372090  0.013418356
nearir  8   8.500e-07  0.003715007  0.013414279  0.003715007  0.013432675  0.003715007  0.013395884  0.003018034  0.013417484  0.004342487  0.013419803
nearir  9   8.500e-07  0.006684770  0.013435086  0.006684770  0.013453474  0.006684770  0.013416697  0.005988924  0.013437408  0.007312891  0.013441539
nearir  10  8.500e-07  0.009654540  0.013476174  0.009654540  0.013494562  0.009654540  0.013457786  0.008959353  0.013477620  0.010283303  0.013483565
nearir  11  8.500e-07  0.012614314  0.013527402  0.012614314  0.013545793  0.012614314  0.013509011  0.011919547  0.013527978  0.013243716  0.013535730
nearir  12  8.500e-07  0.015584091  0.013588772  0.015584091  0.013607170  0.015584091  0.013570375  0.014889515  0.013588480  0.016214134  0.013598045
nearir  13  8.500e-07  0.017070861  0.004502718  0.017070861  0.004518195  0.017070861  0.004487242  0.016586904  0.004498735  0.017701231  0.004509208
nearir  14  8.500e-07  0.014101084  0.004441348  0.014101084  0.004456819  0.014101084  0.004425878  0.013616937  0.004438233  0.014730813  0.004446894
nearir  15  8.500e-07  0.011131307  0.004379978  0.011131307  0.004395442  0.011131307  0.004364513  0.010646969  0.004377732  0.011760395  0.004384579
nearir  16  8.500e-07  0.008161537  0.004338889  0.008161537  0.004354354  0.008161537  0.004323425  0.007676540  0.004337519  0.008789983  0.004342553
nearir  17  8.500e-07  0.005191767  0.004297801  0.005191767  0.004313266  0.005191767  0.004282336  0.004706111  0.004297307  0.005819572  0.004300528
nearir  18  8.500e-07  0.002222007  0.004287135  0.002222007  0.004302610  0.002222007  0.004271661  0.001734989  0.004287528  0.002849172  0.004288936
nearir  19  8.500e-07 -0.000747749  0.004286611 -0.000747749  0.004302099 -0.000747749  0.004271123 -0.001236363  0.004287894 -0.000121226  0.004287489
nearir  20  8.500e-07 -0.003717505  0.004286086 -0.003717505  0.004301588 -0.003717505  0.004270585 -0.004207715  0.004288260 -0.003091623  0.004286041
nearir  21  8.500e-07 -0.006687251  0.004315985 -0.006687251  0.004331509 -0.006687251  0.004300461 -0.007179759  0.004319060 -0.006062010  0.004315028
nearir  22  8.500e-07 -0.009647001  0.004335744 -0.009647001  0.004351288 -0.009647001  0.004320200 -0.010141568  0.004339714 -0.009022399  0.004333875
nearir  23  8.500e-07 -0.012616736  0.004396066 -0.012616736  0.004411642 -0.012616736  0.004380489 -0.013114304  0.004400948 -0.011992775  0.004393295
nearir  24  8.500e-07 -0.015586472  0.004456387 -0.015586472  0.004471996 -0.015586472  0.004440777 -0.016087040  0.004462181 -0.014963152  0.004452716
nearir  25  8.500e-07 -0.017079527 -0.004833013 -0.017079527 -0.004820376 -0.017079527 -0.004845650 -0.017366393 -0.004830089 -0.016456523 -0.004840465
nearir  26  8.500e-07 -0.014109791 -0.004893334 -0.014109791 -0.004880730 -0.014109791 -0.004905938 -0.014393657 -0.004891322 -0.013486147 -0.004899885
nearir  27  8.500e-07 -0.011140049 -0.004933374 -0.011140049 -0.004920796 -0.011140049 -0.004945952 -0.011421382 -0.004932267 -0.010515763 -0.004939016
nearir  28  8.500e-07 -0.008170303 -0.004963272 -0.008170303 -0.004950717 -0.008170303 -0.004975827 -0.008449338 -0.004963066 -0.007545376 -0.004968003
nearir  29  8.500e-07 -0.005200557 -0.004993170 -0.005200557 -0.004980638 -0.005200557 -0.005005702 -0.005477294 -0.004993866 -0.004574989 -0.004996990
nearir  30  8.500e-07 -0.002230805 -0.005002787 -0.002230805 -0.004990271 -0.002230805 -0.005015302 -0.002505711 -0.005004377 -0.001604595 -0.005005687
nearir  31  8.500e-07  0.000738951 -0.005002262  0.000738951 -0.004989760  0.000738951 -0.005014765  0.000465641 -0.005004743  0.001365802 -0.005004240
nearir  32  8.500e-07  0.003708708 -0.005001738  0.003708708 -0.004989249  0.003708708 -0.005014227  0.003436993 -0.005005109  0.004336199 -0.005002793
nearir  33  8.500e-07  0.006678471 -0.004980932  0.006678471 -0.004968449  0.006678471 -0.004993414  0.006407883 -0.004985185  0.007306603 -0.004981056
nearir  34  8.500e-07  0.009648241 -0.004939843  0.009648241 -0.004927361  0.009648241 -0.004952325  0.009378313 -0.004944973  0.010277014 -0.004939031
nearir  35  8.500e-07  0.012618011 -0.004898755  0.012618011 -0.004886273  0.012618011 -0.004911236  0.012348742 -0.004904761  0.013247426 -0.004897005
nearir  36  8.500e-07  0.015587788 -0.004837384  0.015587788 -0.004824896  0.015587788 -0.004849872  0.015318709 -0.004844259  0.016217844 -0.004834690
nearir  1   1.250e-06 -0.017060199  0.010392682 -0.017060199  0.010410103 -0.017060199  0.010375262 -0.017684910  0.010402373 -0.016430659  0.010384538
nearir  2   1.250e-06 -0.014089833  0.010301788 -0.014089833  0.010319205 -0.014089833  0.010284371 -0.014714906  0.010309983 -0.013460884  0.010295150
nearir  3   1.250e-06 -0.011129461  0.010231137 -0.011129461  0.010248551 -0.011129461  0.010213724 -0.011754888  0.010237841 -0.010501105  0.010226005
nearir  4   1.250e-06 -0.008159085  0.010170611 -0.008159085  0.010188021 -0.008159085  0.010153200 -0.008784862  0.010175819 -0.007531325  0.010166991
nearir  5   1.250e-06 -0.005188694  0.010150574 -0.005188694  0.010167981 -0.005188694  0.010133168 -0.005814808  0.010154287 -0.004561539  0.010148474
nearir  6   1.250e-06 -0.002218304  0.010130538 -0.002218304  0.010147941 -0.002218304  0.010113135 -0.002844754  0.010132754 -0.001591752  0.010129958
nearir  7   1.250e-06  0.000752090  0.010120624  0.000752090  0.010138023  0.000752090  0.010103225  0.000125307  0.010121345  0.001378036  0.010121566
nearir  8   1.250e-06  0.003722487  0.010120833  0.003722487  0.010138228  0.003722487  0.010103438  0.003095376  0.010120058  0.004347825  0.010123298
nearir  9   1.250e-06  0.006692891  0.010141287  0.006692891  0.010158678  0.006692891  0.010123896  0.006065459  0.010139017  0.007317618  0.010145280
nearir  10  1.250e-06  0.009663303  0.010181987  0.009663303  0.010199373  0.009663303  0.010164600  0.009035556  0.010178221  0.010287414  0.010187510
nearir  11  1.250e-06  0.012623716  0.010232808  0.012623716  0.010250191  0.012623716  0.010215425  0.011995660  0.010227551  0.013247212  0.010239859
nearir  12  1.250e-06  0.015594134  0.010293753  0.015594134  0.010311131  0.015594134  0.010276374  0.014965772  0.010287001  0.016217011  0.010302338
nearir  13  1.250e-06  0.017081231  0.001223980  0.017081231  0.001241426  0.017081231  0.001206534  0.016449382  0.001216452  0.017705472  0.001231694
nearir  14  1.250e-06  0.014110813  0.001163035  0.014110813  0.001180485  0.014110813  0.001145585  0.013479271  0.001157003  0.014735673  0.001169215
nearir  15  1.250e-06  0.011140395  0.001102091  0.011140395  0.001119545  0.011140395  0.001084636  0.010509159  0.001097554  0.011765874  0.001106736
nearir  16  1.250e-06  0.008169983  0.001061391  0.008169983  0.001078850  0.008169983  0.001043933  0.007539062  0.001058350  0.008796078  0.001064505
nearir  17  1.250e-06  0.005199572  0.001020692  0.005199572  0.001038155  0.005199572  0.001003229  0.004568964  0.001019146  0.005826282  0.001022275
nearir  18  1.250e-06  0.002229172  0.001010360  0.002229172  0.001027827  0.002229172  0.000992894  0.001598889  0.001010310  0.002856491  0.001010418
nearir  19  1.250e-06 -0.000741226  0.001010151 -0.000741226  0.001027622 -0.000741226  0.000992681 -0.001371180  0.001011597 -0.000113298  0.001008686
nearir  20  1.250e-06 -0.003711623  0.001009943 -0.003711623  0.001027417 -0.003711623  0.000992468 -0.004341248  0.001012884 -0.003083088  0.001006954
nearir  21  1.250e-06 -0.006682010  0.001040102 -0.006682010  0.001057580 -0.006682010  0.001022623 -0.007311295  0.001044539 -0.006052872  0.001035594
nearir  22  1.250e-06 -0.009642399  0.001060139 -0.009642399  0.001077620 -0.009642399  0.001042657 -0.010271349  0.001066066 -0.009012659  0.001054117
nearir  23  1.250e-06 -0.012612775  0.001120666 -0.012612775  0.001138151 -0.012612775  0.001103180 -0.013241375  0.001128089 -0.011982439  0.001113131
nearir  24  1.250e-06 -0.015583152  0.001181192 -0.015583152  0.001198681 -0.015583152  0.001163704 -0.016211400  0.001190112 -0.014952219  0.001172145
nearir  25  1.250e-06 -0.017076523 -0.008091242 -0.017076523 -0.008073681 -0.017076523 -0.008108804 -0.017708002 -0.008081599 -0.016443578 -0.008102726
nearir  26  1.250e-06 -0.014106147 -0.008151769 -0.014106147 -0.008134211 -0.014106147 -0.008169327 -0.014737977 -0.008143621 -0.013473798 -0.008161740
nearir  27  1.250e-06 -0.011135763 -0.008192051 -0.011135763 -0.008174496 -0.011135763 -0.008209605 -0.011767937 -0.008185399 -0.010504015 -0.008200506
nearir  28  1.250e-06 -0.008165376 -0.008222210 -0.008165376 -0.008204659 -0.008165376 -0.008239761 -0.008797890 -0.008217054 -0.007534231 -0.008229147
nearir  29  1.250e-06 -0.005194989 -0.008252369 -0.005194989 -0.008234822 -0.005194989 -0.008269916 -0.005827843 -0.008248708 -0.004564446 -0.008257787
nearir  30  1.250e-06 -0.002224595 -0.008262283 -0.002224595 -0.008244739 -0.002224595 -0.008279826 -0.002857782 -0.008260118 -0.001594658 -0.008266180
nearir  31  1.250e-06  0.000745802 -0.008262074  0.000745802 -0.008244534  0.000745802 -0.008279613  0.000112287 -0.008261405  0.001375131 -0.008264447
nearir  32  1.250e-06  0.003716199 -0.008261865  0.003716199 -0.008244329  0.003716199 -0.008279400  0.003082356 -0.008262692  0.004344921 -0.008262715
nearir  33  1.250e-06  0.006686603 -0.008241411  0.006686603 -0.008223879  0.006686603 -0.008258942  0.006052439 -0.008243733  0.007314714 -0.008240733
nearir  34  1.250e-06  0.009657014 -0.008200711  0.009657014 -0.008183184  0.009657014 -0.008218239  0.009022536 -0.008204529  0.010284509 -0.008198503
nearir  35  1.250e-06  0.012627426 -0.008160012  0.012627426 -0.008142489  0.012627426 -0.008177535  0.011992633 -0.008165325  0.013254305 -0.008156273
nearir  36  1.250e-06  0.015597844 -0.008099067  0.015597844 -0.008081548  0.015597844 -0.008116586  0.014962745 -0.008105876  0.016224104 -0.008093794
nearir  1   2.400e-06 -0.017025685  0.004760151 -0.017025685  0.004773303 -0.017025685  0.004746999 -0.017642779  0.004773286 -0.016695849  0.004754389
nearir  2   2.400e-06 -0.014058054  0.004669805 -0.014058054  0.004683251 -0.014058054  0.004656359 -0.014675486  0.004680840 -0.013707395  0.004665526
nearir  3   2.400e-06 -0.011100408  0.004599648 -0.011100408  0.004613383 -0.011100408  0.004585913 -0.011718169  0.004608590 -0.010729226  0.004596850
nearir  4   2.400e-06 -0.008132766  0.004539588 -0.008132766  0.004553612 -0.008132766  0.004525563 -0.008750854  0.004546429 -0.007741111  0.004538278
nearir  5   2.400e-06 -0.005165111  0.004519908 -0.005165111  0.004534215 -0.005165111  0.004505602 -0.005783510  0.004524650 -0.004753449  0.004520094
nearir  6   2.400e-06 -0.002197455  0.004500229 -0.002197455  0.004514817 -0.002197455  0.004485640 -0.002816166  0.004502870 -0.001765786  0.004501910
nearir  7   2.400e-06  0.000770204  0.004490644  0.000770204  0.004505514  0.000770204  0.004475775  0.000151184  0.004491185  0.001221764  0.004493823
nearir  8   2.400e-06  0.003737866  0.004491155  0.003737866  0.004506303  0.003737866  0.004476007  0.003118542  0.004489596  0.004209200  0.004495833
nearir  9   2.400e-06  0.006705536  0.004511856  0.006705536  0.004527280  0.006705536  0.004496433  0.006085914  0.004508197  0.007196411  0.004518038
nearir  10  2.400e-06  0.009673212  0.004552748  0.009673212  0.004568444  0.009673212  0.004537052  0.009053301  0.004546989  0.010183396  0.004560436
nearir  11  2.400e-06  0.012630899  0.004603733  0.012630899  0.004619698  0.012630899  0.004587768  0.012010703  0.004595881  0.013160209  0.004612924
nearir  12  2.400e-06  0.015598583  0.004664815  0.015598583  0.004681049  0.015598583  0.004648581  0.014978104  0.004654863  0.016146967  0.004675517
nearir  13  2.400e-06  0.017084322 -0.004380204  0.017084322 -0.004362334  0.017084322 -0.004398073  0.016460391 -0.004391223  0.017746965 -0.004370407
nearir  14  2.400e-06  0.014116639 -0.004441285  0.014116639 -0.004423685  0.014116639 -0.004458886  0.013492990 -0.004450205  0.014760206 -0.004432999
nearir  15  2.400e-06  0.011148956 -0.004502367  0.011148956 -0.004485036  0.011148956 -0.004519699  0.010525589 -0.004509187  0.011773448 -0.004495592
nearir  16  2.400e-06  0.008181280 -0.004543259  0.008181280 -0.004526200  0.008181280 -0.004560318  0.007558203 -0.004547978  0.008786463 -0.004537990
nearir  17  2.400e-06  0.005213603 -0.004584150  0.005213603 -0.004567363  0.005213603 -0.004600937  0.004590817 -0.004586770  0.005799478 -0.004580388
nearir  18  2.400e-06  0.002245937 -0.004594756  0.002245937 -0.004578247  0.002245937 -0.004611266  0.001623451 -0.004595276  0.002812155 -0.004592495
nearir  19  2.400e-06 -0.000721725 -0.004595267 -0.000721725 -0.004579036 -0.000721725 -0.004611498 -0.001343906 -0.004593686 -0.000175282 -0.004594505
nearir  20  2.400e-06 -0.003689387 -0.004595778 -0.003689387 -0.004579826 -0.003689387 -0.004611730 -0.004311264 -0.004592097 -0.003162719 -0.004596515
nearir  21  2.400e-06 -0.006657039 -0.004566003 -0.006657039 -0.004550335 -0.006657039 -0.004581672 -0.007278601 -0.004560222 -0.006150494 -0.004568235
nearir  22  2.400e-06 -0.009614703 -0.004546322 -0.009614703 -0.004530935 -0.009614703 -0.004561709 -0.010235953 -0.004538448 -0.009128098 -0.004550044
nearir  23  2.400e-06 -0.012582345 -0.004486262 -0.012582345 -0.004471164 -0.012582345 -0.004501360 -0.013203269 -0.004476288 -0.012116213 -0.004491472
nearir  24  2.400e-06 -0.015549986 -0.004426202 -0.015549986 -0.004411393 -0.015549986 -0.004441011 -0.016170584 -0.004414127 -0.015104328 -0.004432900
nearir  25  2.400e-06 -0.017041970 -0.013673636 -0.017041970 -0.013657439 -0.017041970 -0.013689834 -0.017665789 -0.013660522 -0.016499565 -0.013682781
nearir  26  2.400e-06 -0.014074329 -0.013733696 -0.014074329 -0.013717210 -0.014074329 -0.013750183 -0.014698473 -0.013722683 -0.013511450 -0.013741353
nearir  27  2.400e-06 -0.011106680 -0.013773566 -0.011106680 -0.013756794 -0.011106680 -0.013790338 -0.011731144 -0.013764653 -0.010523562 -0.013779731
nearir  28  2.400e-06 -0.008139028 -0.013803341 -0.008139028 -0.013786285 -0.008139028 -0.013820397 -0.008763808 -0.013796527 -0.007535786 -0.013808012
nearir  29  2.400e-06 -0.005171376 -0.013833116 -0.005171376 -0.013815776 -0.005171376 -0.013850455 -0.005796471 -0.013828402 -0.004548010 -0.013836293
nearir  30  2.400e-06 -0.002203717 -0.013842700 -0.002203717 -0.013825080 -0.002203717 -0.013860320 -0.002829120 -0.013840087 -0.001560461 -0.013844379
nearir  31  2.400e-06  0.000763946 -0.013842189  0.000763946 -0.013824290  0.000763946 -0.013860088  0.000138238 -0.013841676  0.001426976 -0.013842369
nearir  32  2.400e-06  0.003731608 -0.013841678  0.003731608 -0.013823500  0.003731608 -0.013859856  0.003105596 -0.013843265  0.004414413 -0.013840359
nearir  33  2.400e-06  0.006699277 -0.013820977  0.006699277 -0.013802523  0.006699277 -0.013839431  0.006072968 -0.013824664  0.007401623 -0.013818155
nearir  34  2.400e-06  0.009666954 -0.013780085  0.009666954 -0.013761360  0.009666954 -0.013798811  0.009040354 -0.013785873  0.010388608 -0.013775757
nearir  35  2.400e-06  0.012634630 -0.013739194  0.012634630 -0.013720196  0.012634630 -0.013758192  0.012007741 -0.013747081  0.013375593 -0.013733359
nearir  36  2.400e-06  0.015602313 -0.013678112  0.015602313 -0.013658845  0.015602313 -0.013697379  0.014975141 -0.013688099  0.016362351 -0.013670766
midir   1   2.400e-06 -0.017225825  0.014202919 -0.017225825  0.014220564 -0.017225825  0.014185274 -0.017862850  0.014207519 -0.016592402  0.014201288
midir   2   2.400e-06 -0.014230301  0.014112535 -0.014230301  0.014130177 -0.014230301  0.014094893 -0.014867095  0.014116519 -0.013596865  0.014111466
midir   3   2.400e-06 -0.011244852  0.014042387 -0.011244852  0.014060026 -0.011244852  0.014024748 -0.011881410  0.014045756 -0.010611410  0.014041880
midir   4   2.400e-06 -0.008249312  0.013982359 -0.008249312  0.013999995 -0.008249312  0.013964723 -0.008885628  0.013985112 -0.007615867  0.013982418
midir   5   2.400e-06 -0.005253751  0.013962806 -0.005253751  0.013980437 -0.005253751  0.013945174 -0.005889811  0.013964942 -0.004620318  0.013963438
midir   6   2.400e-06 -0.002258190  0.013943252 -0.002258190  0.013960880 -0.002258190  0.013925624 -0.002893994  0.013944772 -0.001624768  0.013944459
midir   7   2.400e-06  0.000737376  0.013933817  0.000737376  0.013951442  0.000737376  0.013916193  0.000101832  0.013934721  0.001370783  0.013935599
midir   8   2.400e-06  0.003732948  0.013934501  0.003732948  0.013952122  0.003732948  0.013916881  0.003097667  0.013934788  0.004366335  0.013936860
midir   9   2.400e-06  0.006728530  0.013955422  0.006728530  0.013973038  0.006728530  0.013937806  0.006093520  0.013955093  0.007361891  0.013958362
midir   10  2.400e-06  0.009724123  0.013996580  0.009724123  0.014014192  0.009724123  0.013978968  0.009089391  0.013995634  0.010357450  0.014000105
midir   11  2.400e-06  0.012709635  0.014047855  0.012709635  0.014065462  0.012709635  0.014030247  0.012075184  0.014046294  0.013342925  0.014051964
midir   12  2.400e-06  0.015705238  0.014109250  0.015705238  0.014126853  0.015705238  0.014091647  0.015071072  0.014107073  0.016338487  0.014113947
midir   13  2.400e-06  0.017203336  0.005043335  0.017203336  0.005061027  0.017203336  0.005025643  0.016566018  0.005040885  0.017839843  0.005046694
midir   14  2.400e-06  0.014207733  0.004981940  0.014207733  0.004999636  0.014207733  0.004964243  0.013570130  0.004980106  0.014844281  0.004984711
midir   15  2.400e-06  0.011212130  0.004920544  0.011212130  0.004938246  0.011212130  0.004902843  0.010574241  0.004919327  0.011848718  0.004922727
midir   16  2.400e-06  0.008216537  0.004879386  0.008216537  0.004897092  0.008216537  0.004861681  0.007578370  0.004878786  0.008853159  0.004880984
midir   17  2.400e-06  0.005220944  0.004838228  0.005220944  0.004855938  0.005220944  0.004820518  0.004582499  0.004838244  0.005857600  0.004839242
midir   18  2.400e-06  0.002225367  0.004827426  0.002225367  0.004845140  0.002225367  0.004809712  0.001586655  0.004828059  0.002862046  0.004827860
midir   19  2.400e-06 -0.000770205  0.004826742 -0.000770205  0.004844460 -0.000770205  0.004809024 -0.001409180  0.004827991 -0.000133507  0.004826599
midir   20  2.400e-06 -0.003765776  0.004826058 -0.003765776  0.004843780 -0.003765776  0.004808337 -0.004405015  0.004827924 -0.003129059  0.004825338
midir   21  2.400e-06 -0.006761332  0.004855730 -0.006761332  0.004873455 -0.006761332  0.004838005 -0.007400823  0.004858212 -0.006124607  0.004854438
midir   22  2.400e-06 -0.009746807  0.004875286 -0.009746807  0.004893015 -0.009746807  0.004857557 -0.010386553  0.004878382 -0.009110070  0.004873422
midir   23  2.400e-06 -0.012742347  0.004935314 -0.012742347  0.004953046 -0.012742347  0.004917581 -0.013382334  0.004939026 -0.012105613  0.004932884
midir   24  2.400e-06 -0.015737887  0.004995341 -0.015737887  0.005013077 -0.015737887  0.004977606 -0.016378116  0.004999670 -0.015101155  0.004992345
midir   25  2.400e-06 -0.017245553 -0.004273632 -0.017245553 -0.004255801 -0.017245553 -0.004291462 -0.017889271 -0.004268956 -0.016605471 -0.004278581
midir   26  2.400e-06 -0.014250013 -0.004333659 -0.014250013 -0.004315832 -0.014250013 -0.004351487 -0.014893489 -0.004329600 -0.013609928 -0.004338043
midir   27  2.400e-06 -0.011254462 -0.004373450 -0.011254462 -0.004355626 -0.011254462 -0.004391274 -0.011897690 -0.004370007 -0.010614382 -0.004377263
midir   28  2.400e-06 -0.008258906 -0.004403122 -0.008258906 -0.004385302 -0.008258906 -0.004420942 -0.008901882 -0.004400295 -0.007618834 -0.004406363
midir   29  2.400e-06 -0.005263350 -0.004432794 -0.005263350 -0.004414977 -0.005263350 -0.004450610 -0.005906074 -0.004430584 -0.004623287 -0.004435464
midir   30  2.400e-06 -0.002267784 -0.004442229 -0.002267784 -0.004424416 -0.002267784 -0.004460041 -0.002910248 -0.004440635 -0.001627736 -0.004444323
midir   31  2.400e-06  0.000727788 -0.004441545  0.000727788 -0.004423736  0.000727788 -0.004459354  0.000085587 -0.004440568  0.001367817 -0.004443062
midir   32  2.400e-06  0.003723359 -0.004440861  0.003723359 -0.004423056  0.003723359 -0.004458666  0.003081422 -0.004440501  0.004363369 -0.004441801
midir   33  2.400e-06  0.006718941 -0.004419940  0.006718941 -0.004402139  0.006718941 -0.004437741  0.006077275 -0.004420196  0.007358925 -0.004420299
midir   34  2.400e-06  0.009714534 -0.004378782  0.009714534 -0.004360986  0.009714534 -0.004396578  0.009073146 -0.004379655  0.010354484 -0.004378556
midir   35  2.400e-06  0.012710127 -0.004337624  0.012710127 -0.004319832  0.012710127 -0.004355416  0.012069017 -0.004339113  0.013350043 -0.004336814
midir   36  2.400e-06  0.015705730 -0.004276228  0.015705730 -0.004258441  0.015705730 -0.004294016  0.015064906 -0.004278335  0.016345606 -0.004274830
midir   1   3.200e-06 -0.017198820  0.011060704 -0.017198820  0.011078333 -0.017198820  0.011043074 -0.017834821  0.011068596 -0.016565504  0.011057841
midir   2   3.200e-06 -0.014203937  0.010970150 -0.014203937  0.010987780 -0.014203937  0.010952520 -0.014840523  0.010977680 -0.013571175  0.010968147
midir   3   3.200e-06 -0.011219127  0.010899799 -0.011219127  0.010917430 -0.011219127  0.010882169 -0.011856301  0.010906980 -0.010586924  0.010898660
midir   4   3.200e-06 -0.008224228  0.010839552 -0.008224228  0.010857183 -0.008224228  0.010821921 -0.008861993  0.010846387 -0.007592591  0.010839283
midir   5   3.200e-06 -0.005229308  0.010819713 -0.005229308  0.010837344 -0.005229308  0.010802082 -0.005867671  0.010826224 -0.004598250  0.010820329
midir   6   3.200e-06 -0.002234388  0.010799875 -0.002234388  0.010817506 -0.002234388  0.010782243 -0.002873349  0.010806061 -0.001603910  0.010801375
midir   7   3.200e-06  0.000760537  0.010790138  0.000760537  0.010807769  0.000760537  0.010772507  0.000120976  0.010796006  0.001390432  0.010792527
midir   8   3.200e-06  0.003755467  0.010790503  0.003755467  0.010808135  0.003755467  0.010772872  0.003115305  0.010796059  0.004384776  0.010793785
midir   9   3.200e-06  0.006750409  0.010811073  0.006750409  0.010828705  0.006750409  0.010793441  0.006109640  0.010816326  0.007379122  0.010815254
midir   10  3.200e-06  0.009745360  0.010851847  0.009745360  0.010869479  0.009745360  0.010834215  0.009103983  0.010856809  0.010373472  0.010856935
midir   11  3.200e-06  0.012730233  0.010902722  0.012730233  0.010920354  0.012730233  0.010885090  0.012088247  0.010907399  0.013357742  0.010908717
midir   12  3.200e-06  0.015725196  0.010963700  0.015725196  0.010981332  0.015725196  0.010946068  0.015082597  0.010968097  0.016352095  0.010970609
midir   13  3.200e-06  0.017222966  0.001912384  0.017222966  0.001930039  0.017222966  0.001894729  0.016581688  0.001911761  0.017852859  0.001916476
midir   14  3.200e-06  0.014228004  0.001851406  0.014228004  0.001869061  0.014228004  0.001833751  0.013587338  0.001851063  0.014858506  0.001854584
midir   15  3.200e-06  0.011233042  0.001790428  0.011233042  0.001808083  0.011233042  0.001772773  0.010592989  0.001790365  0.011864153  0.001792691
midir   16  3.200e-06  0.008238090  0.001749654  0.008238090  0.001767309  0.008238090  0.001731999  0.007598646  0.001749883  0.008869803  0.001751011
midir   17  3.200e-06  0.005243139  0.001708880  0.005243139  0.001726535  0.005243139  0.001691225  0.004604303  0.001709400  0.005875453  0.001709330
midir   18  3.200e-06  0.002248203  0.001698412  0.002248203  0.001716067  0.002248203  0.001680758  0.001609971  0.001699240  0.002881108  0.001697967
midir   19  3.200e-06 -0.000746728  0.001698047 -0.000746728  0.001715701 -0.000746728  0.001680392 -0.001384358  0.001699188 -0.000113236  0.001696709
midir   20  3.200e-06 -0.003741658  0.001697681 -0.003741658  0.001715336 -0.003741658  0.001680027 -0.004378686  0.001699135 -0.003107579  0.001695451
midir   21  3.200e-06 -0.006736573  0.001727622 -0.006736573  0.001745276 -0.006736573  0.001709968 -0.007373005  0.001729405 -0.006101918  0.001724511
midir   22  3.200e-06 -0.009721409  0.001747462 -0.009721409  0.001765116 -0.009721409  0.001729809 -0.010357244  0.001749568 -0.009086177  0.001743469
midir   23  3.200e-06 -0.012716308  0.001807710 -0.012716308  0.001825363 -0.012716308  0.001790056 -0.013351552  0.001810161 -0.012080510  0.001802846
midir   24  3.200e-06 -0.015711207  0.001867957 -0.015711207  0.001885610 -0.015711207  0.001850304 -0.016345860  0.001870754 -0.015074844  0.001862223
midir   25  3.200e-06 -0.017218556 -0.007385768 -0.017218556 -0.007368091 -0.017218556 -0.007403445 -0.017851249 -0.007387785 -0.016578538 -0.007395287
midir   26  3.200e-06 -0.014223657 -0.007446015 -0.014223657 -0.007428338 -0.014223657 -0.007463692 -0.014856941 -0.007448378 -0.013584204 -0.007454664
midir   27  3.200e-06 -0.011228748 -0.007486058 -0.011228748 -0.007468381 -0.011228748 -0.007503735 -0.011862626 -0.007488756 -0.010589867 -0.007493830
midir   28  3.200e-06 -0.008233833 -0.007515999 -0.008233833 -0.007498322 -0.008233833 -0.007533677 -0.008868308 -0.007519026 -0.007595528 -0.007522889
midir   29  3.200e-06 -0.005238919 -0.007545940 -0.005238919 -0.007528262 -0.005238919 -0.007563618 -0.005873990 -0.007549296 -0.004601190 -0.007551949
midir   30  3.200e-06 -0.002243993 -0.007555677 -0.002243993 -0.007537999 -0.002243993 -0.007573355 -0.002879665 -0.007559352 -0.001606848 -0.007560797
midir   31  3.200e-06  0.000750937 -0.007555311  0.000750937 -0.007537633  0.000750937 -0.007572989  0.000114664 -0.007559299  0.001387496 -0.007559539
midir   32  3.200e-06  0.003745868 -0.007554946  0.003745868 -0.007537267  0.003745868 -0.007572624  0.003108993 -0.007559247  0.004381839 -0.007558282
midir   33  3.200e-06  0.006740809 -0.007534376  0.006740809 -0.007516698  0.006740809 -0.007552055  0.006103329 -0.007538979  0.007376186 -0.007536813
midir   34  3.200e-06  0.009735761 -0.007493602  0.009735761 -0.007475923  0.009735761 -0.007511281  0.009097671 -0.007498497  0.010370536 -0.007495132
midir   35  3.200e-06  0.012730712 -0.007452828  0.012730712 -0.007435149  0.012730712 -0.007470507  0.012092014 -0.007458014  0.013364886 -0.007453451
midir   36  3.200e-06  0.015725675 -0.007391850  0.015725675 -0.007374171  0.015725675 -0.007409529  0.015086363 -0.007397316  0.016359240 -0.007391559
midir   1   4.200e-06 -0.017147857  0.005638432 -0.017147857  0.005655919 -0.017147857  0.005620945 -0.017776689  0.005648479 -0.016517624  0.005633506
midir   2   4.200e-06 -0.014155672  0.005548041 -0.014155672  0.005565524 -0.014155672  0.005530559 -0.014784516  0.005557470 -0.013525777  0.005544640
midir   3   4.200e-06 -0.011173551  0.005477809 -0.011173551  0.005495287 -0.011173551  0.005460331 -0.011802408  0.005486629 -0.010543989  0.005475932
midir   4   4.200e-06 -0.008181351  0.005417658 -0.008181351  0.005435132 -0.008181351  0.005400185 -0.008810220  0.005425871 -0.007552119  0.005417313
midir   5   4.200e-06 -0.005189129  0.005397828 -0.005189129  0.005415297 -0.005189129  0.005380359 -0.005818010  0.005405449 -0.004560222  0.005399020
midir   6   4.200e-06 -0.002196907  0.005377998 -0.002196907  0.005395463 -0.002196907  0.005360533 -0.002825801  0.005385026 -0.001568324  0.005380728
midir   7   4.200e-06  0.000795320  0.005368247  0.000795320  0.005385708  0.000795320  0.005350787  0.000166414  0.005374687  0.001423581  0.005372518
midir   8   4.200e-06  0.003787552  0.005368577  0.003787552  0.005386034  0.003787552  0.005351121  0.003158634  0.005374431  0.004415493  0.005374390
midir   9   4.200e-06  0.006779795  0.005389067  0.006779795  0.005406519  0.006779795  0.005371615  0.006150864  0.005394344  0.007407419  0.005396425
midir   10  4.200e-06  0.009772048  0.005429717  0.009772048  0.005447165  0.009772048  0.005412269  0.009143105  0.005434423  0.010399360  0.005438625
midir   11  4.200e-06  0.012754232  0.005480446  0.012754232  0.005497890  0.012754232  0.005463003  0.012125276  0.005484588  0.013381234  0.005490900
midir   12  4.200e-06  0.015746495  0.005541257  0.015746495  0.005558697  0.015746495  0.005523817  0.015117528  0.005544835  0.016373189  0.005553263
midir   13  4.200e-06  0.017242935 -0.003490343  0.017242935 -0.003472929  0.017242935 -0.003507757  0.016613975 -0.003490339  0.017867778 -0.003479189
midir   14  4.200e-06  0.014250671 -0.003551153  0.014250671 -0.003533735  0.014250671 -0.003568571  0.013621724 -0.003550587  0.014875823 -0.003541552
midir   15  4.200e-06  0.011258408 -0.003611963  0.011258408 -0.003594541  0.011258408 -0.003629386  0.010629472 -0.003610834  0.011883868 -0.003603915
midir   16  4.200e-06  0.008266154 -0.003652614  0.008266154 -0.003635187  0.008266154 -0.003670040  0.007637231 -0.003650914  0.008891928 -0.003646115
midir   17  4.200e-06  0.005273901 -0.003693264  0.005273901 -0.003675833  0.005273901 -0.003710694  0.004644991 -0.003690993  0.005899987 -0.003688314
midir   18  4.200e-06  0.002281664 -0.003703674  0.002281664 -0.003686239  0.002281664 -0.003721108  0.001652765 -0.003700822  0.002908068 -0.003700268
midir   19  4.200e-06 -0.000710568 -0.003704003 -0.000710568 -0.003686564 -0.000710568 -0.003721442 -0.001339455 -0.003700566 -0.000083844 -0.003702140
midir   20  4.200e-06 -0.003702801 -0.003704333 -0.003702801 -0.003686890 -0.003702801 -0.003721776 -0.004331674 -0.003700311 -0.003075756 -0.003704011
midir   21  4.200e-06 -0.006695017 -0.003674423 -0.006695017 -0.003656975 -0.006695017 -0.003691870 -0.007323879 -0.003669805 -0.006067647 -0.003675637
midir   22  4.200e-06 -0.009677164 -0.003654591 -0.009677164 -0.003637139 -0.009677164 -0.003672043 -0.010306013 -0.003649383 -0.009049471 -0.003657339
midir   23  4.200e-06 -0.012669365 -0.003594440 -0.012669365 -0.003576984 -0.012669365 -0.003611897 -0.013298202 -0.003588625 -0.012041340 -0.003598719
midir   24  4.200e-06 -0.015661565 -0.003534290 -0.015661565 -0.003516829 -0.015661565 -0.003551750 -0.016290390 -0.003527867 -0.015033209 -0.003540100
midir   25  4.200e-06 -0.017167538 -0.012767822 -0.017167538 -0.012750383 -0.017167538 -0.012785261 -0.017796342 -0.012764460 -0.016540748 -0.012776068
midir   26  4.200e-06 -0.014175337 -0.012827973 -0.014175337 -0.012810538 -0.014175337 -0.012845407 -0.014804154 -0.012825218 -0.013548879 -0.012834688
midir   27  4.200e-06 -0.011183126 -0.012867963 -0.011183126 -0.012850533 -0.011183126 -0.012885393 -0.011811955 -0.012865808 -0.010556996 -0.012873144
midir   28  4.200e-06 -0.008190909 -0.012897874 -0.008190909 -0.012880448 -0.008190909 -0.012915299 -0.008819751 -0.012896315 -0.007565105 -0.012901518
midir   29  4.200e-06 -0.005198693 -0.012927784 -0.005198693 -0.012910363 -0.005198693 -0.012945205 -0.005827547 -0.012926821 -0.004573215 -0.012929892
midir   30  4.200e-06 -0.002206466 -0.012937535 -0.002206466 -0.012920118 -0.002206466 -0.012954951 -0.002835332 -0.012937160 -0.001581310 -0.012938102
midir   31  4.200e-06  0.000785766 -0.012937205  0.000785766 -0.012919792  0.000785766 -0.012954617  0.000156888 -0.012937416  0.001410602 -0.012936230
midir   32  4.200e-06  0.003777998 -0.012936875  0.003777998 -0.012919467  0.003777998 -0.012954283  0.003149108 -0.012937671  0.004402514 -0.012934358
midir   33  4.200e-06  0.006770241 -0.012916385  0.006770241 -0.012898981  0.006770241 -0.012933789  0.006141338 -0.012917759  0.007394440 -0.012912323
midir   34  4.200e-06  0.009762494 -0.012875735  0.009762494 -0.012858335  0.009762494 -0.012893135  0.009133579 -0.012877679  0.010386381 -0.012870123
midir   35  4.200e-06  0.012754748 -0.012835085  0.012754748 -0.012817689  0.012754748 -0.012852481  0.012125820 -0.012837599  0.013378322 -0.012827924
midir   36  4.200e-06  0.015747011 -0.012774274  0.015747011 -0.012756883  0.015747011 -0.012791666  0.015118071 -0.012777352  0.016370277 -0.012765561
